image_width: 640
image_height: 480
camera_name: usb_cam
camera_matrix:
  rows: 3
  cols: 3
  data: [489.4777069384356, 0, 308.8032768908899, 0, 488.1852660517832, 268.6371343845645, 0, 0, 1]
distortion_model: plumb_bob
distortion_coefficients:
  rows: 1
  cols: 5
  data: [0.03618971518001553, -0.08383321211248897, 0.004030107525985591, -0.004365030494665567, 0]
rectification_matrix:
  rows: 3
  cols: 3
  data: [1, 0, 0, 0, 1, 0, 0, 0, 1]
projection_matrix:
  rows: 3
  cols: 4
  data: [488.5268249511719, 0, 305.0990841060138, 0, 0, 489.0720520019531, 269.8452152812879, 0, 0, 0, 1, 0]
# Rotation from camera frame to base_link frame
extrinsic_rotation:
   rows: 3
   cols: 3
   data: [0, -1, 0, 
           1, 0, 0, 
           0, 0, 1]
# Translation from camera frame to base_link frame
extrinsic_translation:
   rows: 3
   cols: 1
   data: [-0.002,-0.006, 0.001]