image_width: 640
image_height: 480
camera_name: camera
camera_matrix:
  rows: 3
  cols: 3
  data: [488.5, 0, 305.1, 0, 489.1, 269.8, 0, 0, 1]
distortion_model: plumb_bob
distortion_coefficients:
  rows: 1
  cols: 5
  data: [0.058183, 0.095798, -0.027626, 0.015773, 0]
rectification_matrix:
  rows: 3
  cols: 3
  data: [1, 0, 0, 0, 1, 0, 0, 0, 1]
projection_matrix:
  rows: 3
  cols: 4
  data: [2166.593262, 0, 611.589299, 0, 0, 2157.434082, 182.254105, 0, 0, 0, 1, 0]
