fx: 580
fy: 580
px: 300
py: 300
tag_size: 0.163
